{
  "advancedEditorSelectedIdentifier" : "ProjectBrowser",
  "openSceneRelativePaths" : [
    "Immersive.usda",
    "Scene.usda"
  ],
  "recentIdentifiers" : {
    "AF09ED6F-1707-48FD-8720-65B998362C09" : [

    ],
    "D66134B1-3681-4A8E-AFE5-29F257229F3B" : [

    ]
  },
  "sceneCameraHistory" : {
    "AF09ED6F-1707-48FD-8720-65B998362C09" : [
      {
        "date" : 726237824.226806,
        "title" : "Untitled",
        "transform" : [
          0.96701854,
          -3.1708747e-05,
          0.25470582,
          0,
          0.057798993,
          0.97393966,
          -0.21931897,
          0,
          -0.24806114,
          0.22680727,
          0.94181955,
          0,
          -1.674593,
          0.97079545,
          1.9380842,
          1
        ]
      },
      {
        "date" : 726235603.155822,
        "title" : "Untitled",
        "transform" : [
          0.96701854,
          -3.1708747e-05,
          0.25470582,
          0,
          0.057798993,
          0.97393966,
          -0.21931897,
          0,
          -0.24806114,
          0.22680727,
          0.94181955,
          0,
          -1.4922282,
          0.8040564,
          1.2456989,
          1
        ]
      },
      {
        "date" : 726235587.812316,
        "title" : "Untitled",
        "transform" : [
          0.66460985,
          -1.4290658e-09,
          0.74719054,
          0,
          0.12603675,
          0.9856707,
          -0.112106964,
          0,
          -0.7364839,
          0.16868088,
          0.6550865,
          0,
          -3.4460726,
          0.93788457,
          1.003568,
          1
        ]
      },
      {
        "date" : 726235577.643241,
        "title" : "Untitled",
        "transform" : [
          0.99367905,
          6.3284094e-09,
          -0.11225882,
          0,
          -0.026511818,
          0.97171247,
          -0.23467405,
          0,
          0.10908329,
          0.23616686,
          0.9655703,
          0,
          -0.6427429,
          0.9382352,
          1.3088982,
          1
        ]
      },
      {
        "date" : 726235542.571142,
        "title" : "Untitled",
        "transform" : [
          0.99367905,
          6.3284094e-09,
          -0.11225882,
          0,
          -0.026511818,
          0.97171247,
          -0.23467405,
          0,
          0.10908329,
          0.23616686,
          0.9655703,
          0,
          -0.6427301,
          0.9378295,
          1.3071923,
          1
        ]
      },
      {
        "date" : 726235513.804359,
        "title" : "Untitled",
        "transform" : [
          0.77173185,
          8.696378e-08,
          0.6359482,
          0,
          0.109484576,
          0.9850691,
          -0.13286117,
          0,
          -0.62645286,
          0.17215972,
          0.7602091,
          0,
          -3.091091,
          0.93795305,
          0.8803992,
          1
        ]
      },
      {
        "date" : 726235501.572131,
        "title" : "Untitled",
        "transform" : [
          0.77173185,
          8.696378e-08,
          0.6359482,
          0,
          0.10948456,
          0.985069,
          -0.13286115,
          0,
          -0.62645286,
          0.17215972,
          0.7602091,
          0,
          -3.075767,
          0.86600643,
          0.90932035,
          1
        ]
      },
      {
        "date" : 726235473.42332,
        "title" : "Untitled",
        "transform" : [
          0.99966526,
          8.433883e-08,
          0.02587356,
          0,
          0.008200318,
          0.94844514,
          -0.31683514,
          0,
          -0.024539677,
          0.31694126,
          0.9481276,
          0,
          -0.32195392,
          1.5050509,
          1.4789867,
          1
        ]
      },
      {
        "date" : 726235463.800985,
        "title" : "Untitled",
        "transform" : [
          0.78528607,
          7.158671e-08,
          -0.6191331,
          0,
          -0.24954335,
          0.91517675,
          -0.31651175,
          0,
          0.5666161,
          0.4030528,
          0.7186755,
          0,
          0.91226095,
          1.6974056,
          1.0970812,
          1
        ]
      },
      {
        "date" : 726235385.028315,
        "title" : "Untitled",
        "transform" : [
          0.9129769,
          5.6632566e-06,
          -0.4080112,
          0,
          -0.16626477,
          0.91321015,
          -0.37202585,
          0,
          0.37259787,
          0.4074889,
          0.8337407,
          0,
          0.67899245,
          1.6356982,
          1.3552396,
          1
        ]
      }
    ],
    "D66134B1-3681-4A8E-AFE5-29F257229F3B" : [
      {
        "date" : 726234199.027413,
        "title" : "Untitled",
        "transform" : [
          0.84815174,
          -0.0052427524,
          -0.52972746,
          0,
          -0.47337967,
          0.4413714,
          -0.762301,
          0,
          0.23780312,
          0.8973092,
          0.37186813,
          0,
          0.19021283,
          0.8285824,
          0.59688014,
          1
        ]
      },
      {
        "date" : 726234195.952138,
        "title" : "Untitled",
        "transform" : [
          0.84815174,
          -0.0052427524,
          -0.52972746,
          0,
          -0.47337967,
          0.4413714,
          -0.762301,
          0,
          0.23780312,
          0.8973092,
          0.37186813,
          0,
          0.19021283,
          0.82858247,
          0.59688014,
          1
        ]
      },
      {
        "date" : 726234192.081253,
        "title" : "Untitled",
        "transform" : [
          0.84815174,
          -0.0052427524,
          -0.52972746,
          0,
          -0.47337967,
          0.4413714,
          -0.762301,
          0,
          0.23780312,
          0.8973092,
          0.37186813,
          0,
          0.19013785,
          0.8283105,
          0.59662807,
          1
        ]
      },
      {
        "date" : 726234172.491109,
        "title" : "Untitled",
        "transform" : [
          -0.46565098,
          -1.621518e-09,
          -0.8849685,
          0,
          -0.23553573,
          0.96393126,
          0.12393372,
          0,
          0.85304874,
          0.26615155,
          -0.4488555,
          0,
          0.93123335,
          0.2803619,
          -0.49104768,
          1
        ]
      },
      {
        "date" : 726234149.861638,
        "title" : "Untitled",
        "transform" : [
          0.427421,
          2.0518625e-09,
          -0.9040527,
          0,
          -0.10080828,
          0.9937637,
          -0.04766047,
          0,
          0.89841473,
          0.11150708,
          0.42475548,
          0,
          0.7705957,
          0.23035033,
          0.3681783,
          1
        ]
      },
      {
        "date" : 726234147.668771,
        "title" : "Untitled",
        "transform" : [
          0.21246886,
          8.9619385e-07,
          -0.9771679,
          0,
          0.043260507,
          0.9990196,
          0.009407192,
          0,
          0.97620976,
          -0.04427151,
          0.21226048,
          0,
          0.7705957,
          0.23035033,
          0.3681783,
          1
        ]
      },
      {
        "date" : 726234122.07185,
        "title" : "Untitled",
        "transform" : [
          -0.19470705,
          -0.020292744,
          -0.98065144,
          0,
          -0.9463732,
          0.2666725,
          0.18238287,
          0,
          0.2578117,
          0.9635735,
          -0.07112752,
          0,
          3.9707708,
          5.807158,
          5.517828,
          1
        ]
      },
      {
        "date" : 726234085.634457,
        "title" : "Untitled",
        "transform" : [
          -0.93261635,
          -7.1662356e-09,
          0.36086938,
          0,
          -0.12623754,
          0.9368188,
          -0.32624322,
          0,
          -0.3380692,
          -0.34981504,
          -0.8736925,
          0,
          3.9707708,
          5.807158,
          5.517828,
          1
        ]
      },
      {
        "date" : 726234065.331228,
        "title" : "Untitled",
        "transform" : [
          0.790534,
          -3.246229e-08,
          -0.6124182,
          0,
          -0.31108624,
          0.86137843,
          -0.40156266,
          0,
          0.5275238,
          0.5079638,
          0.6809489,
          0,
          3.2803154,
          3.8768225,
          3.3921938,
          1
        ]
      },
      {
        "date" : 726234058.945075,
        "title" : "Untitled",
        "transform" : [
          0.9859088,
          8.074585e-09,
          0.16728333,
          0,
          0.08694097,
          0.85433495,
          -0.5123994,
          0,
          -0.142916,
          0.5197228,
          0.8422963,
          0,
          -1.3013074,
          3.880447,
          5.358347,
          1
        ]
      }
    ]
  },
  "selectedSceneRelativePath" : "Scene.usda"
}